0.00000000000E+00 0.00E+00
0.00000000000E+00 0.00E+00
0.00000000000E+00 0.00E+00
0.00000000000E+00 0.00E+00
0.25558505415E-01 0.26E-01
0.00000000000E+00 0.00E+00
0.00000000000E+00 0.00E+00
0.46126296754E-02 0.46E-02
0.71846489875E-02 0.51E-02
0.14382553785E-01 0.63E-02
0.16485622073E-01 0.84E-02
0.23562753103E-01 0.75E-02
0.21607563746E-01 0.61E-02
0.17101303440E-01 0.55E-02
0.29649486471E-01 0.66E-02
0.34597921338E-01 0.70E-02
0.35303272167E-01 0.62E-02
0.50046279101E-01 0.82E-02
0.66036508391E-01 0.87E-02
0.64221064876E-01 0.82E-02
0.81600747660E-01 0.87E-02
0.75873933702E-01 0.78E-02
0.81597084929E-01 0.72E-02
0.10349883605E+00 0.86E-02
0.93059355500E-01 0.78E-02
0.10468376052E+00 0.84E-02
0.13097066111E+00 0.73E-02
0.13295716997E+00 0.77E-02
0.13850570446E+00 0.74E-02
0.15853419167E+00 0.84E-02
0.16031986897E+00 0.88E-02
0.17308439651E+00 0.81E-02
0.19924988207E+00 0.10E-01
0.20975888925E+00 0.88E-02
0.21654946509E+00 0.85E-02
0.23647870250E+00 0.86E-02
0.24807800252E+00 0.91E-02
0.25978321586E+00 0.92E-02
0.27380992949E+00 0.89E-02
0.28393637638E+00 0.93E-02
0.29701829474E+00 0.85E-02
0.31455956175E+00 0.10E-01
0.32726347932E+00 0.94E-02
0.34520865240E+00 0.10E-01
0.36135966661E+00 0.10E-01
0.37150569455E+00 0.97E-02
0.40689124860E+00 0.10E-01
0.42333705275E+00 0.99E-02
0.41920548469E+00 0.96E-02
0.44188816595E+00 0.88E-02
0.46154632082E+00 0.97E-02
0.48024100830E+00 0.97E-02
0.49436189056E+00 0.10E-01
0.50110981386E+00 0.94E-02
0.52348041075E+00 0.10E-01
0.54342178361E+00 0.90E-02
0.55325210606E+00 0.10E-01
0.56435493852E+00 0.95E-02
0.58971888599E+00 0.91E-02
0.59883450646E+00 0.86E-02
0.62179600603E+00 0.94E-02
0.62812048627E+00 0.94E-02
0.65760536122E+00 0.94E-02
0.67610771957E+00 0.87E-02
0.69178136224E+00 0.94E-02
0.69656012031E+00 0.92E-02
0.71507754823E+00 0.95E-02
0.71554746557E+00 0.88E-02
0.73883271768E+00 0.83E-02
0.76350368878E+00 0.89E-02
0.76724881474E+00 0.81E-02
0.77963606924E+00 0.86E-02
0.79120098385E+00 0.87E-02
0.80089020464E+00 0.91E-02
0.81614458346E+00 0.83E-02
0.82092481623E+00 0.88E-02
0.83334746471E+00 0.79E-02
0.84131226879E+00 0.76E-02
0.84396501970E+00 0.69E-02
0.86858412472E+00 0.66E-02
0.87155804987E+00 0.77E-02
0.88899079561E+00 0.68E-02
0.89395062760E+00 0.81E-02
0.89536330850E+00 0.71E-02
0.89871536886E+00 0.70E-02
0.90479451632E+00 0.71E-02
0.92639818499E+00 0.74E-02
0.92356959551E+00 0.69E-02
0.93542802781E+00 0.63E-02
0.93394263020E+00 0.75E-02
0.93711641995E+00 0.64E-02
0.94141885633E+00 0.63E-02
0.95965123373E+00 0.71E-02
0.95121210538E+00 0.66E-02
0.95856749552E+00 0.61E-02
0.96520839575E+00 0.63E-02
0.96258004507E+00 0.58E-02
0.97715823861E+00 0.61E-02
0.98401255647E+00 0.69E-02
0.98244275370E+00 0.61E-02
0.96839161925E+00 0.61E-02
