nan nan 0.000000000000000000e+00
0.000000000000000000e+00 0.000000000000000000e+00 0.000000000000000000e+00
0.000000000000000000e+00 0.000000000000000000e+00 0.000000000000000000e+00
7.303197681903839111e-02 7.155642658472061157e-02 0.000000000000000000e+00
6.162073090672492981e-02 3.337394818663597107e-02 2.555850541499999837e-02
2.629151195287704468e-02 1.783177629113197327e-02 0.000000000000000000e+00
4.564498737454414368e-02 1.825799606740474701e-02 0.000000000000000000e+00
4.024210944771766663e-02 1.717835105955600739e-02 4.612629675399999851e-03
3.081036731600761414e-02 1.096548885107040405e-02 7.184648987500000250e-03
1.622932963073253632e-02 7.437212858349084854e-03 1.438255378500000008e-02
5.258302018046379089e-02 1.384991593658924103e-02 1.648562207300000026e-02
4.345704615116119385e-02 1.144620869308710098e-02 2.356275310299999967e-02
2.966924570500850677e-02 7.303196936845779419e-03 2.160756374600000113e-02
3.305884823203086853e-02 6.577366497367620468e-03 1.710130343999999997e-02
3.018158674240112305e-02 6.054918747395277023e-03 2.964948647099999862e-02
3.943727537989616394e-02 8.496855385601520538e-03 3.459792133799999975e-02
3.466165438294410706e-02 5.109320860356092453e-03 3.530327216700000076e-02
4.662421718239784241e-02 7.858867757022380829e-03 5.004627910099999910e-02
3.144431859254837036e-02 5.787923466414213181e-03 6.603650839100000391e-02
4.005631804466247559e-02 5.797855090349912643e-03 6.422106487600000302e-02
3.532921895384788513e-02 5.983666516840457916e-03 8.160074766000000035e-02
3.726121038198471069e-02 4.713212605565786362e-03 7.587393370200000431e-02
3.802490606904029846e-02 4.105662461370229721e-03 8.159708492900000221e-02
3.106274828314781189e-02 4.026192706078290939e-03 1.034988360500000010e-01
3.594543039798736572e-02 4.916115663945674896e-03 9.305935549999999612e-02
3.523062542080879211e-02 3.384975017979741096e-03 1.046837605200000021e-01
3.694812580943107605e-02 4.264924675226211548e-03 1.309706611099999973e-01
3.426191583275794983e-02 3.218198195099830627e-03 1.329571699700000109e-01
3.730778768658638000e-02 2.785634016618132591e-03 1.385057044599999898e-01
3.360686823725700378e-02 3.365227254107594490e-03 1.585341916699999909e-01
4.199338704347610474e-02 2.780975308269262314e-03 1.603198689700000013e-01
4.445754736661911011e-02 3.280167700722813606e-03 1.730843965099999882e-01
3.594542294740676880e-02 3.773483680561184883e-03 1.992498820699999951e-01
2.957493253052234650e-02 2.763270167633891106e-03 2.097588892499999969e-01
3.809539973735809326e-02 2.570622367784380913e-03 2.165494650900000040e-01
4.131523519754409790e-02 3.386719152331352234e-03 2.364787024999999987e-01
4.133407026529312134e-02 3.763298736885190010e-03 2.480780025200000072e-01
3.192814812064170837e-02 2.752237487584352493e-03 2.597832158600000274e-01
3.095261193811893463e-02 2.254891907796263695e-03 2.738099294899999925e-01
3.219457343220710754e-02 2.491476712748408318e-03 2.839363763800000218e-01
3.943726047873497009e-02 2.720632823184132576e-03 2.970182947400000217e-01
3.870998695492744446e-02 3.052884479984641075e-03 3.145595617499999941e-01
3.558446094393730164e-02 2.072607865557074547e-03 3.272634793199999947e-01
4.034730419516563416e-02 2.865112153813242912e-03 3.452086523999999823e-01
3.768539801239967346e-02 2.982265315949916840e-03 3.613596666100000188e-01
3.748974576592445374e-02 2.914780052378773689e-03 3.715056945499999874e-01
3.649872913956642151e-02 2.681131241843104362e-03 4.068912485999999773e-01
3.674741089344024658e-02 2.288621617481112480e-03 4.233370527499999980e-01
3.822767361998558044e-02 2.441779943183064461e-03 4.192054846900000187e-01
3.928396850824356079e-02 1.475744764320552349e-03 4.418881659500000225e-01
3.667666018009185791e-02 1.789755071513354778e-03 4.615463208200000222e-01
3.879033774137496948e-02 2.235553925856947899e-03 4.802410082999999941e-01
3.767736628651618958e-02 1.718833693303167820e-03 4.943618905600000168e-01
3.966190293431282043e-02 2.509737620130181313e-03 5.011098138599999752e-01
3.899547085165977478e-02 1.815053983591496944e-03 5.234804107499999581e-01
3.845947608351707458e-02 1.645352924242615700e-03 5.434217836100000421e-01
3.479265794157981873e-02 1.985733630135655403e-03 5.532521060599999707e-01
4.116899892687797546e-02 1.719708554446697235e-03 5.643549385199999602e-01
3.946853429079055786e-02 1.690310658887028694e-03 5.897188859899999969e-01
3.889723867177963257e-02 1.831277157180011272e-03 5.988345064600000267e-01
3.642470017075538635e-02 1.846135244704782963e-03 6.217960060299999592e-01
3.700666502118110657e-02 1.468792906962335110e-03 6.281204862699999447e-01
4.103773832321166992e-02 1.938312314450740814e-03 6.576053612200000176e-01
3.900006040930747986e-02 1.291721942834556103e-03 6.761077195700000431e-01
3.779084235429763794e-02 1.424849382601678371e-03 6.917813622399999751e-01
3.897055238485336304e-02 2.204173943027853966e-03 6.965601203100000305e-01
3.749679401516914368e-02 1.479670288972556591e-03 7.150775482300000263e-01
3.785005584359169006e-02 1.391855301335453987e-03 7.155474655700000408e-01
3.901935741305351257e-02 1.568391220644116402e-03 7.388327176800000284e-01
3.976032137870788574e-02 1.608463935554027557e-03 7.635036887799999672e-01
3.708981350064277649e-02 1.684303046204149723e-03 7.672488147399999514e-01
4.009442403912544250e-02 1.332898158580064774e-03 7.796360692399999515e-01
3.708655387163162231e-02 1.573442714288830757e-03 7.912009838500000392e-01
3.798923641443252563e-02 1.416765968315303326e-03 8.008902046400000474e-01
3.967012465000152588e-02 1.253386726602911949e-03 8.161445834599999616e-01
3.803505375981330872e-02 1.566590159200131893e-03 8.209248162300000207e-01
3.960113599896430969e-02 1.178987557068467140e-03 8.333474647099999855e-01
3.874551132321357727e-02 1.260296092368662357e-03 8.413122687899999841e-01
3.921687602996826172e-02 1.308701583184301853e-03 8.439650197000000409e-01
3.833563998341560364e-02 1.305514830164611340e-03 8.685841247200000170e-01
3.923185914754867554e-02 1.141509390436112881e-03 8.715580498699999623e-01
3.716716542840003967e-02 1.341678085736930370e-03 8.889907956100000508e-01
3.778133913874626160e-02 1.693010213784873486e-03 8.939506275999999918e-01
3.868924453854560852e-02 1.081729191355407238e-03 8.953633085000000102e-01
3.996264934539794922e-02 1.412305631674826145e-03 8.987153688600000301e-01
4.034700617194175720e-02 1.403656788170337677e-03 9.047945163199999641e-01
4.110270366072654724e-02 1.363810733892023563e-03 9.263981849900000398e-01
4.111848399043083191e-02 1.324579236097633839e-03 9.235695955099999521e-01
3.951025381684303284e-02 1.223054365254938602e-03 9.354280278100000068e-01
4.024549946188926697e-02 1.327686361037194729e-03 9.339426302000000124e-01
3.732745721936225891e-02 1.175926532596349716e-03 9.371164199499999459e-01
4.040085524320602417e-02 1.274325884878635406e-03 9.414188563299999979e-01
3.875077888369560242e-02 1.185279106721282005e-03 9.596512337300000528e-01
3.978380560874938965e-02 1.303411321714520454e-03 9.512121053800000059e-01
3.983449935913085938e-02 9.507059003226459026e-04 9.585674955199999792e-01
4.034763574600219727e-02 1.248471438884735107e-03 9.652083957499999478e-01
3.929748013615608215e-02 1.013551489450037479e-03 9.625800450699999455e-01
3.950433060526847839e-02 1.112553640268743038e-03 9.771582386099999518e-01
3.873645514249801636e-02 1.028316910378634930e-03 9.840125564699999661e-01
4.188105463981628418e-02 1.444962108507752419e-03 9.824427537000000044e-01
4.039033874869346619e-02 1.179167767986655235e-03 9.683916192499999465e-01
